DEN 12 4 63 65 8.125 3.875 14.222222222222221 1.7777777777777777 63 65 8.125 6.097222222222221 12 4 60.44444444444444 67.55555555555556 8.444444444444445 3.5555555555555554 14.222222222222221 1.7777777777777777 60.44444444444444 67.55555555555556 8.444444444444445 5.777777777777777 19 26 4 1 4 1
HOU 13 3 65 63 7.875 5.125 13.11111111111111 2.888888888888889 65 63 7.875 5.236111111111111 13 3 63.77777777777778 64.22222222222223 8.027777777777779 4.972222222222221 13.11111111111111 2.888888888888889 63.77777777777778 64.22222222222223 8.027777777777779 5.083333333333332 17 20 1 2 1 2
NE 11 5 72 56 7 4 11.777777777777779 4.222222222222222 72 56 7 4.777777777777779 11 5 73.77777777777777 54.22222222222222 6.777777777777778 4.222222222222222 11.777777777777779 4.222222222222222 73.77777777777777 54.22222222222222 6.777777777777778 5.000000000000001 1 1 3 4 3 3
GB 10 6 67 61 7.625 2.375 12.444444444444443 3.5555555555555554 67 61 7.625 4.819444444444443 10 6 63.55555555555556 64.44444444444444 8.055555555555555 1.9444444444444446 12.444444444444443 3.5555555555555554 63.55555555555556 64.44444444444444 8.055555555555555 4.3888888888888875 9 21 8 3 10 4
SF 11.5 4.5 66 62 7.75 3.75 12 4 66 62 7.75 4.25 11.5 4.5 64 64 8 3.5 12 4 64 64 8 4 11 19 5 5 5 5
ATL 13 3 60 68 8.5 4.5 12.666666666666668 3.3333333333333335 60 68 8.5 4.166666666666668 13 3 58 70 8.75 4.25 12.666666666666668 3.3333333333333335 58 70 8.75 3.916666666666668 26 28 2 6 2 6
SEA 10 6 65 63 7.875 2.125 11.555555555555555 4.444444444444445 65 63 7.875 3.6805555555555554 10 6 64.88888888888889 63.111111111111114 7.888888888888889 2.1111111111111107 11.555555555555555 4.444444444444445 64.88888888888889 63.111111111111114 7.888888888888889 3.666666666666666 16 15 9 7 8 7
WAS 8 8 65 63 7.875 0.125 10.222222222222221 5.777777777777779 65 63 7.875 2.3472222222222214 8 8 65.33333333333334 62.666666666666664 7.833333333333333 0.16666666666666696 10.222222222222221 5.777777777777779 65.33333333333334 62.666666666666664 7.833333333333333 2.3888888888888884 14 13 15 9 15 8
BAL 10 6 67 61 7.625 2.375 9.333333333333334 6.666666666666667 67 61 7.625 1.708333333333334 10 6 71.11111111111111 56.88888888888889 7.111111111111112 2.8888888888888884 9.333333333333334 6.666666666666667 71.11111111111111 56.88888888888889 7.111111111111112 2.2222222222222223 8 4 7 11 7 9
DAL 8 8 70 58 7.25 0.75 9.777777777777779 6.222222222222222 70 58 7.25 2.5277777777777786 8 8 67.11111111111111 60.888888888888886 7.611111111111111 0.3888888888888893 9.777777777777779 6.222222222222222 67.11111111111111 60.888888888888886 7.611111111111111 2.166666666666668 2 10 12 8 14 10
NYG 10 6 69 59 7.375 2.625 8.88888888888889 7.111111111111111 69 59 7.374999999999999 1.5138888888888902 10 6 72.22222222222223 55.77777777777778 6.972222222222222 3.0277777777777777 8.88888888888889 7.111111111111111 72.22222222222223 55.77777777777778 6.972222222222221 1.9166666666666679 3 2 6 12 6 11
IND 10 6 55 73 9.125 0.875 10.88888888888889 5.111111111111112 55 73 9.125 1.7638888888888893 10 6 54.22222222222222 73.77777777777777 9.222222222222221 0.7777777777777786 10.88888888888889 5.111111111111112 54.22222222222222 73.77777777777777 9.222222222222221 1.6666666666666679 31 32 11 10 12 12
MIN 9 7 61 67 8.375 0.625 9.11111111111111 6.888888888888888 61 67 8.374999999999998 0.7361111111111125 9 7 64.22222222222223 63.77777777777778 7.972222222222222 1.0277777777777777 9.11111111111111 6.888888888888888 64.22222222222223 63.77777777777778 7.972222222222221 1.1388888888888893 21 18 13 13 11 13
CIN 8 8 57 71 8.875 -0.875 9.555555555555555 6.444444444444445 57 71 8.875 0.6805555555555554 8 8 57.111111111111114 70.8888888888889 8.861111111111112 -0.8611111111111125 9.555555555555555 6.444444444444445 57.111111111111114 70.8888888888889 8.861111111111112 0.6944444444444429 30 30 17 14 18 14
NO 7 9 68.5 59.5 7.4375 -0.4375 7.555555555555555 8.444444444444445 68.5 59.5 7.4375 0.11805555555555536 7 9 70.66666666666666 57.33333333333334 7.166666666666668 -0.16666666666666785 7.555555555555555 8.444444444444445 70.66666666666666 57.33333333333334 7.166666666666668 0.3888888888888875 4 5 16 15 16 15
CHI 9 7 64 64 8 1 7.333333333333333 8.666666666666668 64 64 8 -0.666666666666667 9 7 72.11111111111111 55.888888888888886 6.986111111111111 2.0138888888888893 7.333333333333333 8.666666666666668 72.11111111111111 55.888888888888886 6.986111111111111 0.3472222222222223 18 3 10 19 9 16
PIT 9 7 58.5 69.5 8.6875 0.3125 8.222222222222221 7.777777777777779 58.5 69.5 8.6875 -0.46527777777777857 9 7 61.33333333333333 66.66666666666667 8.333333333333334 0.6666666666666661 8.222222222222221 7.777777777777779 61.33333333333333 66.66666666666667 8.333333333333334 -0.11111111111111249 28 24 14 16 13 17
STL 6.5 9.5 68 60 7.5 -1 6.888888888888889 9.11111111111111 68 60 7.5 -0.6111111111111107 6.5 9.5 67.77777777777777 60.22222222222222 7.527777777777778 -1.0277777777777777 6.888888888888889 9.11111111111111 67.77777777777777 60.22222222222222 7.527777777777778 -0.6388888888888884 5 8 18 17 20 18
MIA 7 9 63 65 8.125 -1.125 6.666666666666667 9.333333333333334 63 65 8.125 -1.458333333333333 7 9 64.33333333333333 63.66666666666666 7.958333333333333 -0.958333333333333 6.666666666666667 9.333333333333334 64.33333333333333 63.66666666666666 7.958333333333333 -1.291666666666666 20 16 19 20 19 19
NYJ 6 10 68 60 7.5 -1.5 6.888888888888889 9.11111111111111 68 60 7.5 -0.6111111111111107 6 10 62.44444444444446 65.55555555555554 8.194444444444443 -2.194444444444443 6.888888888888889 9.11111111111111 62.44444444444446 65.55555555555554 8.194444444444443 -1.3055555555555536 6 22 22 18 26 20
TB 6 10 65 63 7.875 -1.875 6 10 65 63 7.875 -1.875 6 10 68 60 7.5 -1.5 6 10 68 60 7.5 -1.5 13 6 25 22 22 21
TEN 7 9 61 67 8.375 -1.375 6.222222222222221 9.777777777777779 61 67 8.374999999999998 -2.152777777777777 7 9 65.33333333333334 62.666666666666664 7.833333333333333 -0.833333333333333 6.222222222222221 9.777777777777779 65.33333333333334 62.666666666666664 7.833333333333332 -1.6111111111111107 22 12 20 24 17 22
CLE 5 11 66 62 7.75 -2.75 6.222222222222222 9.777777777777779 66 62 7.75 -1.5277777777777777 5 11 64.22222222222223 63.77777777777777 7.972222222222221 -2.9722222222222214 6.222222222222222 9.777777777777779 64.22222222222223 63.77777777777777 7.972222222222221 -1.7499999999999991 10 17 29 21 29 23
CAR 6 10 59 69 8.625 -2.625 6.666666666666667 9.333333333333332 59 69 8.625 -1.958333333333333 6 10 59.77777777777777 68.22222222222223 8.527777777777779 -2.5277777777777786 6.666666666666667 9.333333333333332 59.77777777777777 68.22222222222223 8.527777777777779 -1.8611111111111116 27 27 28 23 28 24
BUF 6 10 65 63 7.875 -1.875 4.888888888888889 11.11111111111111 65 63 7.875 -2.9861111111111107 6 10 67.88888888888889 60.11111111111111 7.513888888888888 -1.5138888888888884 4.888888888888889 11.11111111111111 67.88888888888889 60.11111111111111 7.513888888888888 -2.624999999999999 15 7 26 25 23 25
ARI 6 10 67.5 60.5 7.5625 -1.5625 4.444444444444445 11.555555555555555 67.5 60.5 7.5625 -3.1180555555555554 6 10 67.66666666666667 60.333333333333336 7.541666666666667 -1.541666666666667 4.444444444444445 11.555555555555555 67.66666666666667 60.333333333333336 7.541666666666667 -3.0972222222222223 7 9 23 26 24 26
SD 7 9 60 68 8.5 -1.5 4.888888888888889 11.11111111111111 60 68 8.5 -3.6111111111111107 7 9 62.44444444444444 65.55555555555554 8.194444444444445 -1.1944444444444446 4.888888888888889 11.11111111111111 62.44444444444444 65.55555555555554 8.194444444444445 -3.3055555555555554 23 23 21 27 21 27
PHI 6 10 66 62 7.75 -1.75 3.7777777777777777 12.222222222222221 66 62 7.75 -3.9722222222222223 6 10 65.11111111111111 62.88888888888889 7.861111111111112 -1.8611111111111116 3.7777777777777777 12.222222222222221 65.11111111111111 62.88888888888889 7.861111111111112 -4.083333333333334 12 14 24 28 25 28
DET 6 10 60 68 8.5 -2.5 4.222222222222222 11.777777777777779 60 68 8.5 -4.277777777777778 6 10 61.11111111111111 66.88888888888889 8.36111111111111 -2.3611111111111107 4.222222222222222 11.777777777777779 61.11111111111111 66.88888888888889 8.36111111111111 -4.138888888888888 24 25 27 29 27 29
OAK 5 11 54 74 9.25 -4.25 4.666666666666666 11.333333333333332 54 74 9.25 -4.583333333333334 5 11 56.44444444444444 71.55555555555556 8.944444444444445 -3.9444444444444446 4.666666666666666 11.333333333333332 56.44444444444444 71.55555555555556 8.944444444444445 -4.277777777777779 32 31 30 30 30 30
JAC 3 13 60 68 8.5 -5.5 2.444444444444444 13.555555555555555 60 68 8.499999999999998 -6.055555555555554 3 13 66 62 7.75 -4.75 2.444444444444444 13.555555555555555 66 62 7.749999999999999 -5.305555555555555 25 11 31 31 31 31
KC 3 13 58 70 8.75 -5.75 2.6666666666666665 13.333333333333332 58 70 8.75 -6.083333333333334 3 13 57.55555555555556 70.44444444444446 8.805555555555557 -5.805555555555557 2.6666666666666665 13.333333333333332 57.55555555555556 70.44444444444446 8.805555555555557 -6.138888888888891 29 29 32 32 32 32
